2020-11-26_155348_05.mid.txt,64,57,62,72,57,58,60,69
2020-11-26_155708_04.mid.txt,68,61,61,72,67,74,67,74,71,65,62,62,59,64,69
2020-11-26_164827_03.mid.txt,64,52,67,60,69,62,67,62,65,55,64,57,62,55
2020-11-20_175403_01.mid.txt,80,72,70,56,72,57,77,60
2020-11-26_151954_08.mid.txt,57,58,63,69,62,69,62,65,60,72,60,69,62,67,64,64
2020-11-26_154331_01.mid.txt,62,67,60,65,60,67,60,67,60,67,60,67,60,67,60,67
2020-11-20_180953_05.mid.txt,71,64,76,69,76,58,68,58,72
2020-11-26_170215_09.mid.txt,76,68,68,72,57,58,60,69
2020-11-26_151200_01.mid.txt,83,79,67,76,69,62,60,59,72
2020-11-26_162559_07.mid.txt,80,68,63,77,60,67,62,74,57,57,58,60,59,71,67,67
2020-11-26_161324_05.mid.txt,78,66,74,64,59,64,71,64,71,64,65,59,60,62,72,60
2020-11-26_164910_05.mid.txt,80,68,63,77,60,67,62,74,57,57,58,60,59,71,67,67
2020-11-20_175421_08.mid.txt,55,60,55,67,60,69,62,65,60,55,64,57,62,55
2020-11-20_180506_02.mid.txt,76,64,52,54,59,65,55,60
2020-11-26_161411_06.mid.txt,76,73,64,74,62,71,60
2020-11-26_155828_01.mid.txt,68,64,72,69,57,58,64,60,52,64,68,61,63,60,48,53,60,68,65,61,68,40,52,55,59,65,63,36,48,64,59,64,61,57,66,36,48,51,56,58,38,50,64,69,69
2020-11-26_161504_09.mid.txt,76,72,65,67,72,60,65,59,55,57,76,57
2020-11-26_154648_03.mid.txt,57,58,63,69,62,69,62,65,60,72,60,69,62,67,64,64
2020-11-26_163545_07.mid.txt,67,72,62,65,60,62,69,62,65,60,67,60,67,62
2020-11-20_175833_02.mid.txt,83,71,64,77,60,67,62,74,57,57,58,60,59,71,67,67
2020-11-26_162436_10.mid.txt,68,74,64,74,67,76,69,69,74,67,67,79,67
2020-11-26_165715_03.mid.txt,64,67,62,74,57,74,67,76,68
2020-11-26_164704_09.mid.txt,74,52,67,62,67,60,67,60,67,60,67,60,67,60,67,60
2020-11-26_160605_05.mid.txt,66,71,69,62,62,64,57,65,71
2020-11-26_150721_01.mid.txt,68,61,61,72,67,74,67,74,71,65,62,62,59,64,69
2020-11-26_153629_10.mid.txt,64,72,57,69,62,72,64,72,60,62,55,64,57,62,55,68
2020-11-26_163013_06.mid.txt,63,71,64,66,59,74,67,77,67,76,66,71,69,57,58,57
2020-11-26_164929_02.mid.txt,80,68,72,67,67,76,69,69,74,67,67,79,67
2020-11-26_155246_04.mid.txt,72,67,72,60,62,71,64,65,63,68,63,72,64,67,62,67
2020-11-26_153638_09.mid.txt,61,66,67,74,64,64,65,60,59,57
2020-11-26_161657_10.mid.txt,67,67,62,69,62,67,62,67,62,69,62,71,60,69,62
2020-11-20_180644_02.mid.txt,67,72,62,74,62,69,67,72,62,64,60,72,57,64
2020-11-26_152250_05.mid.txt,88,84,81,74,74,74,66,73,67,60,72,69,74,71,74
2020-11-26_155930_04.mid.txt,61,56,72,62,62,71,67,65,59,67,67,67,47
2020-11-26_164124_05.mid.txt,64,57,62,72,57,58,60,69
2020-11-26_154310_07.mid.txt,71,64,64,71,64,69,62,59,60,69,64,64
2020-11-26_153425_01.mid.txt,73,61,56,56,63,63,58,62,55,57,76,57
2020-11-26_152158_02.mid.txt,76,64,74,67,60,59,71,67,77
2020-11-26_155235_04.mid.txt,64,62,66,61,58,46,50,53,69,55,64,62,59,53,58,60,53,51,57,62,64,52,52,57,48,51,56,58,63,55,67,58
2020-11-26_164743_04.mid.txt,71,67,60,72,60,62,55,52,49,52,52,56,59,35,47,51,54,66,35,56,52,47,51,54,63,66,60,64
2020-11-26_160757_07.mid.txt,60,58,63,69,62,69,62,65,60,72,60,69,62,67,64,64
2020-11-26_161745_02.mid.txt,64,69,67,74,64,64,65,60,59,57
2020-11-20_175451_07.mid.txt,75,63,72,67,72,57,72,64,64,69,62,71,64,57,62
2020-11-26_170806_09.mid.txt,61,72,64,67,62,57,59,61,59,57,55,64,66,59,69,62
2020-11-26_155125_02.mid.txt,83,71,68,71,64,67,62,71,64,69,72,67,55,74
2020-11-26_163141_04.mid.txt,69,71,69,62,62,64,57,65,71
2020-11-26_162749_05.mid.txt,64,71,56,63,56,61,61,60
2020-11-26_154016_05.mid.txt,76,68,68,72,57,58,60,69
2020-11-26_153504_03.mid.txt,67,67,62,69,62,67,62,67,62,69,62,71,60,69,62
2020-11-26_152516_06.mid.txt,71,69,72,67,67,76,69,69,74,67,67,79,67
2020-11-26_151838_10.mid.txt,63,71,64,55,60,71,69,69,69,72,67,55,60,65
2020-11-26_164523_09.mid.txt,76,64,65,60,65,60,65,60,74,64,65,62,62,69,62
2020-11-26_161224_01.mid.txt,83,71,79,67,60,69,62,77,69,71,66,67,74
2020-11-26_163942_06.mid.txt,64,64,57,64,60,72,60,57,55,64,60,62,67,62
2020-11-20_180749_08.mid.txt,63,56,74,64,59,77,52,62,67,64,71,64,67,60
2020-11-26_163832_09.mid.txt,86,83,80,74,48,58,65,71,64,69,72,67,55,74
2020-11-26_160007_04.mid.txt,76,64,52,54,59,65,55,60
2020-11-26_161745_06.mid.txt,61,66,67,74,64,64,65,60,59,57
2020-11-20_175451_03.mid.txt,78,75,63,74,64,57,72,64,64,69,62,71,64,57,62
2020-11-26_155125_06.mid.txt,83,71,68,71,64,67,62,71,64,69,72,67,55,74
2020-11-26_153214_10.mid.txt,75,67,66,69,66,77,52,62,67,64,71,64,67,60
2020-11-26_152158_06.mid.txt,79,56,58,67,60,59,71,67,77
2020-11-26_160757_03.mid.txt,57,58,63,69,62,69,62,65,60,72,60,69,62,67,64,64
2020-11-26_153425_05.mid.txt,61,67,62,76,57,69,62,62,55,57,76,57
2020-11-26_153205_09.mid.txt,64,67,62,74,57,74,67,76,68
2020-11-26_161224_05.mid.txt,83,71,79,67,60,69,62,77,69,71,66,67,74
2020-11-26_163942_02.mid.txt,79,67,60,55,64,57,69,60,56,60,60,62,67,62
2020-11-26_152516_02.mid.txt,71,69,72,67,67,76,69,69,74,67,67,79,67
2020-11-26_154047_08.mid.txt,54,51,54,52,67,62,71,64
2020-11-26_153504_07.mid.txt,64,67,62,69,62,67,62,67,62,69,62,71,60,69,62
2020-11-26_162749_01.mid.txt,73,78,66,63,56,61,61,60
2020-11-26_154016_01.mid.txt,67,62,59,72,57,58,60,69
2020-11-26_165853_09.mid.txt,59,57,62,74,57,77,62,62,65,67,76,62,74,57
2020-11-26_163013_02.mid.txt,75,56,71,66,59,74,67,77,67,76,66,71,69,57,58,57
2020-11-26_150721_05.mid.txt,68,61,61,72,67,74,67,74,71,65,62,62,59,64,69
2020-11-26_151709_08.mid.txt,61,72,64,67,62,57,59,61,59,57,55,64,66,59,69,62
2020-11-26_160605_01.mid.txt,81,78,71,72,71,55,72,67,71
2020-11-26_164808_04.mid.txt,76,69,62,72,60,69,62,74,64,59,67,62,71,64,74
2020-11-20_175539_09.mid.txt,81,78,66,59,62,74,57,74,62
2020-11-26_160214_09.mid.txt,71,64,64,71,64,69,62,59,60,69,64,64
2020-11-26_155052_10.mid.txt,76,64,74,64,74,62,67,60,67,60,62,57,76
2020-11-26_154310_03.mid.txt,80,75,72,57,67,60,65,66,67,60,72,60
2020-11-26_164124_01.mid.txt,76,68,68,72,57,58,60,69
2020-11-26_152250_01.mid.txt,88,84,81,74,74,74,66,73,67,60,72,69,74,71,74
2020-11-20_180644_06.mid.txt,64,72,62,74,62,69,67,72,62,64,60,72,57,64
2020-11-26_164929_06.mid.txt,71,69,72,67,67,76,69,69,74,67,67,79,67
2020-11-26_151908_07.mid.txt,63,71,64,66,59,74,67,77,67,76,66,71,69,57,58,57
2020-11-26_154016_09.mid.txt,67,62,59,72,57,58,60,69
2020-11-26_162749_09.mid.txt,76,64,52,54,59,65,55,60
2020-11-20_180603_03.mid.txt,64,67,62,76,57,69,62,62,55,57,76,57
2020-11-26_165853_01.mid.txt,68,65,58,63,56,62,62,62,65,67,76,62,74,57
2020-11-26_153205_01.mid.txt,64,67,62,74,57,74,67,76,68
2020-11-26_164523_05.mid.txt,79,56,65,60,65,60,65,60,74,64,65,62,62,69,62
2020-11-26_154253_10.mid.txt,51,53,63,63,57,72,57,69,62,72
2020-11-26_163640_06.mid.txt,76,64,74,64,74,62,67,60,67,60,62,57,76
2020-11-26_160433_10.mid.txt,64,72,67,71,66,59,57
2020-11-26_164029_07.mid.txt,69,60,72,60,62,71,64,65,63,68,63,72,64,67,62,67
2020-11-26_163832_01.mid.txt,71,76,68,71,64,67,62,71,64,69,72,67,55,74
2020-11-26_163141_08.mid.txt,69,71,69,62,62,64,57,65,71
2020-11-26_170806_05.mid.txt,76,64,72,62,74,65,60,70,57,62,55,64,66,59,69,62
2020-11-26_170247_03.mid.txt,76,64,65,60,65,60,65,60,74,64,65,62,62,69,62
2020-11-26_152250_09.mid.txt,85,81,69,74,74,74,66,73,67,60,72,69,74,71,74
2020-11-26_153638_05.mid.txt,64,69,67,74,64,64,65,60,59,57
2020-11-26_170532_10.mid.txt,84,80,77,65,67,64,72,67,71,64,69,62,72
2020-11-26_155246_08.mid.txt,60,72,64,64,62,71,64,65,63,68,63,72,64,67,62,67
2020-11-26_164124_09.mid.txt,79,72,62,72,57,58,60,69
2020-11-26_153357_03.mid.txt,64,72,64,67,62,57,59,61,59,57,55,64,66,59,69,62
2020-11-26_154341_02.mid.txt,78,66,77,70,63,56,60,81,59
2020-11-26_155930_08.mid.txt,61,56,72,62,62,71,67,65,59,67,67,67,47
2020-11-20_175539_01.mid.txt,69,71,66,59,62,74,57,74,62
2020-11-26_160605_09.mid.txt,66,71,69,62,62,64,57,65,71
2020-11-26_164704_05.mid.txt,74,52,67,62,67,60,67,60,67,60,67,60,67,60,67,60
2020-11-26_164817_10.mid.txt,64,57,72,62,62,71,67,65,59,67,67,67,47
2020-11-26_160214_01.mid.txt,71,64,64,71,64,69,62,59,60,69,64,64
2020-11-26_170436_06.mid.txt,56,61,61,72,67,74,67,74,71,65,62,62,59,64,69
2020-11-26_161342_02.mid.txt,67,67,62,72,67,62,67,60,67,60,62,57,76
2020-11-26_163042_03.mid.txt,60,58,63,69,62,69,62,65,60,72,60,69,62,67,64,64
2020-11-26_154341_06.mid.txt,66,74,71,52,59,81,51,81,59
2020-11-26_161930_10.mid.txt,55,62,74,62,67,62,71,60
2020-11-26_153357_07.mid.txt,73,64,72,62,74,65,60,70,57,62,55,64,66,59,69,62
2020-11-26_170247_07.mid.txt,67,67,62,69,62,67,62,67,62,69,62,71,60,69,62
2020-11-26_153638_01.mid.txt,73,61,68,74,64,64,65,60,59,57
2020-11-26_151709_04.mid.txt,61,72,64,67,62,57,59,61,59,57,55,64,66,59,69,62
2020-11-26_150721_09.mid.txt,59,60,59,57,65,74,67,74,71,65,62,62,59,64,69
2020-11-26_163042_07.mid.txt,60,58,63,69,62,69,62,65,60,72,60,69,62,67,64,64
2020-11-26_161342_06.mid.txt,67,67,62,72,67,62,67,60,67,60,62,57,76
2020-11-26_170436_02.mid.txt,68,61,61,72,67,74,67,74,71,65,62,62,59,64,69
2020-11-26_164704_01.mid.txt,62,67,60,65,60,67,60,67,60,67,60,67,60,67,60,67
2020-11-26_160214_05.mid.txt,71,64,64,71,64,69,62,59,60,69,64,64
2020-11-20_175539_05.mid.txt,78,66,74,62,71,66,59,57,62
2020-11-26_164808_08.mid.txt,76,69,62,72,60,69,62,74,64,59,67,62,71,64,74
2020-11-26_164523_01.mid.txt,67,67,62,69,62,67,62,67,62,69,62,71,60,69,62
2020-11-26_151401_03.mid.txt,88,76,64,57,76,57,66,73,73,43,55,52,55,58
2020-11-26_161224_09.mid.txt,86,83,71,74,64,69,62,77,69,71,66,67,74
2020-11-26_153205_05.mid.txt,67,67,62,74,57,74,67,76,68
2020-11-26_165853_05.mid.txt,68,65,58,63,56,62,62,62,65,67,76,62,74,57
2020-11-20_180603_07.mid.txt,61,67,62,76,57,69,62,62,55,57,76,57
2020-11-26_154047_04.mid.txt,51,56,51,54,54,60,71,64
2020-11-26_151908_03.mid.txt,63,71,64,66,59,74,67,77,67,76,66,71,69,57,58,57
2020-11-26_170806_01.mid.txt,76,64,72,62,74,65,60,70,57,62,55,64,66,59,69,62
2020-11-26_160007_08.mid.txt,76,64,52,54,59,65,55,60
2020-11-26_163832_05.mid.txt,71,76,68,71,64,67,62,71,64,69,72,67,55,74
2020-11-20_180749_04.mid.txt,66,61,66,69,66,77,52,62,67,64,71,64,67,60
2020-11-26_152003_10.mid.txt,63,72,64,74,64,57,72,64,64,69,62,71,64,57,62
2020-11-26_153425_09.mid.txt,61,67,62,76,57,69,62,62,55,57,76,57
2020-11-26_163640_02.mid.txt,64,67,62,72,67,62,67,60,67,60,62,57,76
2020-11-26_164029_03.mid.txt,60,72,64,64,62,71,64,65,63,68,63,72,64,67,62,67
2020-11-26_162912_03.mid.txt,83,76,72,72,64,64,59,71,64,71,64,65,60,74,67,62
2020-11-26_154550_02.mid.txt,75,56,63,64,57,71,69,69,69,72,67,55,60,65
2020-11-26_170855_10.mid.txt,76,72,65,67,72,60,65,59,55,57,76,57
2020-11-26_150710_01.mid.txt,69,77,62,67,62,69,62,71,67,71,67,60,72,67,69
2020-11-26_150654_07.mid.txt,72,67,72,60,76,57,72,69,72,68,69,59,57,72,62,57
2020-11-26_151727_10.mid.txt,71,66,66,74,57,77,62,62,65,67,76,62,74,57
2020-11-26_153618_10.mid.txt,76,72,72,75,63,69,62,69,62,69,62,71,64,69
2020-11-20_180004_07.mid.txt,76,64,71,64,66,59,57
2020-11-26_150521_05.mid.txt,61,54,67,62,67,61,57,69,62,55,72,64,64
2020-11-26_161019_10.mid.txt,52,57,67,60,69,62,67,62,65,55,64,57,62,55
2020-11-26_161553_02.mid.txt,67,72,62,74,62,69,67,72,62,64,60,72,57,64
2020-11-26_151736_09.mid.txt,63,69,64,64,72,64,74,64,71,64
2020-11-26_155408_04.mid.txt,67,67,62,74,57,74,67,76,68
2020-11-26_153609_09.mid.txt,69,62,71,69,74,62,65,60,72,60,65
2020-11-26_161432_10.mid.txt,76,64,67,62,69,62,69,62,65,60,67,60,67,62
2020-11-26_155901_04.mid.txt,66,74,71,52,59,81,51,81,59
2020-11-20_180421_02.mid.txt,60,67,62,57,55,65,60,67,64,64,65
2020-11-26_155527_03.mid.txt,64,69,62,72,62,69,62,69,62,69,62,71,64,69
2020-11-20_180807_05.mid.txt,69,71,66,69,66,69,62,71,64,67,62,62,62,71,64,64
2020-11-26_161707_02.mid.txt,57,62,55,60,55,57,55,76,59,57,55,64,60,62,61
2020-11-26_153548_06.mid.txt,81,69,71,64,74,64,67,62,76,62,76,69,64,62,69
2020-11-26_151305_08.mid.txt,67,67,62,72,67,62,67,60,67,60,62,57,76
2020-11-26_165125_09.mid.txt,81,74,62,55,57,72,60,76,69,69
2020-11-26_152652_04.mid.txt,83,71,64,77,60,67,62,74,57,57,58,60,59,71,67,67
2020-11-26_161842_03.mid.txt,78,74,67,59,67,62
2020-11-26_165912_06.mid.txt,67,63,68,58,63,65,71,60
2020-11-26_153445_08.mid.txt,66,58,62,55,60,53,57,55,64,57,55,64,60,62,61
2020-11-26_151650_06.mid.txt,66,74,67,72,67,69,62,72,64,76,69,69,62,64,57
2020-11-26_151210_07.mid.txt,69,71,66,69,66,69,62,71,64,67,62,62,62,71,64,64
2020-11-26_155114_02.mid.txt,52,57,67,60,69,62,67,62,65,55,64,57,62,55
2020-11-20_180729_05.mid.txt,57,69,64,64,58,57,72,69,72,68,69,59,57,72,62,57
2020-11-26_160258_08.mid.txt,71,69,72,67,67,76,69,69,74,67,67,79,67
2020-11-26_160945_09.mid.txt,66,69,64,64,72,64,74,64,71,64
2020-11-26_163034_02.mid.txt,63,72,64,74,64,57,72,64,64,69,62,71,64,57,62
2020-11-20_180336_08.mid.txt,66,77,62,67,62,69,62,71,67,71,67,60,72,67,69
2020-11-20_175806_10.mid.txt,71,59,67,62,67,60,67,60,67,60,67,60,67,60,67,60
2020-11-20_175355_04.mid.txt,69,71,66,69,67,71,60,59,64,69,67
2020-11-26_164357_01.mid.txt,73,64,57,69,62,72,64,72,60,62,55,64,57,62,55,68
2020-11-20_180109_09.mid.txt,76,64,69,69,59,71,64,69,69,55
2020-11-26_152333_07.mid.txt,75,71,74,62,76,55,60,62,74,64,64,62,40,61,59,72
2020-11-20_180223_07.mid.txt,56,61,65,62,72,69,71,57,72,57,71,64,55
2020-11-26_160835_02.mid.txt,60,62,55,62,57,71,60,71,66,67,60,71,64,72,62,71
2020-11-20_175823_04.mid.txt,78,74,67,59,67,62
2020-11-26_164047_07.mid.txt,79,56,68,69,59,71,64,69,69,55
2020-11-26_165705_05.mid.txt,83,71,45,64,64,74,64,64,64,65,66,69
2020-11-26_163034_06.mid.txt,78,75,63,74,64,57,72,64,64,69,62,71,64,57,62
2020-11-26_152228_09.mid.txt,80,72,70,56,72,57,77,60
2020-11-26_154656_04.mid.txt,66,72,64,74,64,57,72,64,64,69,62,71,64,57,62
2020-11-26_155114_06.mid.txt,67,63,59,67,60,69,62,65,60,55,64,57,62,55
2020-11-20_180729_01.mid.txt,72,67,72,60,76,57,72,69,72,68,69,59,57,72,62,57
2020-11-26_151650_02.mid.txt,75,66,59,72,67,69,62,72,64,76,69,69,62,64,57
2020-11-26_163735_08.mid.txt,78,66,74,64,59,64,71,64,71,64,65,59,60,62,72,60
2020-11-26_151210_03.mid.txt,81,78,66,69,66,69,62,71,64,67,62,62,62,71,64,64
2020-11-26_161842_07.mid.txt,63,71,60,55,67,62
2020-11-26_165912_02.mid.txt,67,63,68,58,63,65,71,60
2020-11-26_165705_01.mid.txt,68,60,60,69,67,74,64,64,64,65,66,69
2020-11-20_180248_02.mid.txt,69,69,72,62,69,60,48,50,59,55,47,50,67,39,51,54,57,45,48,54,68,37,41,49,52,48,51,56,65,60,55,52,62,67,63
2020-11-26_164047_03.mid.txt,64,67,67,60,59,71,64,69,69,55
2020-11-26_160835_06.mid.txt,69,59,76,62,57,71,60,71,66,67,60,71,64,72,62,71
2020-11-26_152333_03.mid.txt,66,79,66,67,67,67,63,71,66,72,60,57,55,81,59,72
2020-11-20_180223_03.mid.txt,56,61,65,62,72,69,71,57,72,57,71,64,55
2020-11-26_154954_08.mid.txt,72,72,65,63,67,64,72,67,71,64,69,62,72
2020-11-26_164319_10.mid.txt,59,60,65,62,72,69,71,57,72,57,71,64,55
2020-11-26_164357_05.mid.txt,64,72,57,69,62,72,64,72,60,62,55,64,57,62,55,68
2020-11-26_155639_04.mid.txt,81,69,71,64,74,64,67,62,76,62,76,69,64,62,69
2020-11-26_152410_04.mid.txt,81,77,65,69,62,62,55,64,57,55,81,77,62,71,67,72
2020-11-20_180004_03.mid.txt,79,75,62,71,66,59,57
2020-11-26_150710_05.mid.txt,78,69,71,64,74,64,67,62,76,62,76,69,64,62,69
2020-11-26_150654_03.mid.txt,72,67,72,60,76,57,72,69,72,68,69,59,57,72,62,57
2020-11-26_162731_09.mid.txt,73,65,58,72,60,69,62,74,64,59,67,62,71,64,74
2020-11-26_153247_09.mid.txt,79,75,63,65,60,62,69,62,65,60,67,60,67,62
2020-11-26_162912_07.mid.txt,83,76,72,72,64,64,59,71,64,71,64,65,60,74,67,62
2020-11-26_154550_06.mid.txt,66,71,64,55,60,71,69,69,69,72,67,55,60,65
2020-11-26_161707_06.mid.txt,54,62,55,60,55,57,55,76,59,57,55,64,60,62,61
2020-11-20_180534_09.mid.txt,67,67,62,69,62,67,62,67,62,69,62,71,60,69,62
2020-11-20_180807_01.mid.txt,69,71,66,69,66,69,62,71,64,67,62,62,62,71,64,64
2020-11-26_155527_07.mid.txt,76,72,72,75,63,69,62,69,62,69,62,71,64,69
2020-11-26_153548_02.mid.txt,66,77,62,67,62,69,62,71,67,71,67,60,72,67,69
2020-11-26_170815_04.mid.txt,69,62,76,58,63,68,69,62,69,62,67,60,72,55,67
2020-11-26_161612_09.mid.txt,64,61,62,69,57,67,61,72,62,69,62,64,57,62,74,62
2020-11-20_180421_06.mid.txt,60,67,62,57,55,65,60,67,64,64,65
2020-11-26_155432_08.mid.txt,64,62,74,62,67,62,71,60
2020-11-26_150521_01.mid.txt,64,60,58,63,63,64,60,69,62,55,72,64,64
2020-11-26_161553_06.mid.txt,67,72,62,74,62,69,67,72,62,64,60,72,57,64
2020-11-26_170620_06.mid.txt,61,68,60,74,62,71,60
2020-11-20_180109_05.mid.txt,64,67,67,60,59,71,64,69,69,55
2020-11-26_152628_10.mid.txt,80,75,72,57,67,60,65,66,67,60,72,60
2020-11-20_175355_08.mid.txt,81,78,66,69,67,71,60,59,64,69,67
2020-11-26_162452_07.mid.txt,54,64,57,55,64
2020-11-26_163254_03.mid.txt,73,64,72,62,74,65,60,70,57,62,55,64,66,59,69,62
2020-11-20_180336_04.mid.txt,78,69,71,64,74,64,67,62,76,62,76,69,64,62,69
2020-11-20_180738_10.mid.txt,81,69,74,64,67,64,72,67,71,64,69,62,72
2020-11-20_180026_02.mid.txt,66,79,66,67,67,67,63,71,66,72,60,57,55,81,59,72
2020-11-26_165705_09.mid.txt,71,64,69,69,67,74,64,64,64,65,66,69
2020-11-20_180904_02.mid.txt,79,67,66,69,67,60,72,67,60,59
2020-11-26_152814_02.mid.txt,63,68,77,70,63,56,60,81,59
2020-11-20_175823_08.mid.txt,63,71,60,55,67,62
2020-11-26_163231_07.mid.txt,78,66,59,72,67,69,62,72,64,76,69,69,62,64,57
2020-11-26_153445_04.mid.txt,57,62,55,60,55,57,55,76,59,57,55,64,60,62,61
2020-11-20_175938_02.mid.txt,71,69,72,67,67,76,69,69,74,67,67,79,67
2020-11-26_165125_05.mid.txt,78,70,51,56,65,63,64,58,76,57
2020-11-26_152652_08.mid.txt,68,64,57,66,64,67,62,74,57,57,58,60,59,71,67,67
2020-11-26_151305_04.mid.txt,79,56,58,63,74,62,67,60,67,60,62,57,76
2020-11-26_160737_02.mid.txt,83,71,62,50,62,76,59,71,64,71,60,71,64,69,64,76
2020-11-26_155145_07.mid.txt,78,66,74,64,59,64,71,64,71,64,65,59,60,62,72,60
2020-11-26_152228_01.mid.txt,80,72,70,56,72,57,77,60
2020-11-26_160945_05.mid.txt,63,69,64,64,72,64,74,64,71,64
2020-11-26_160258_04.mid.txt,83,79,67,74,67,76,69,69,74,67,67,79,67
2020-11-20_180729_09.mid.txt,60,69,64,64,58,57,72,69,72,68,69,59,57,72,62,57
2020-11-26_153315_03.mid.txt,78,66,59,72,67,69,62,72,64,76,69,69,62,64,57
2020-11-20_175616_02.mid.txt,78,74,62,74,67,74,67,77,67,76,66,71,69,57,58,57
2020-11-26_153609_05.mid.txt,57,62,71,69,74,62,65,60,72,60,65
2020-11-26_161142_06.mid.txt,83,79,67,76,69,62,60,59,72
2020-11-26_155408_08.mid.txt,64,67,62,74,57,74,67,76,68
2020-11-26_151736_05.mid.txt,66,69,64,64,72,64,74,64,71,64
2020-11-20_175429_03.mid.txt,88,84,81,74,74,74,66,73,67,60,72,69,74,71,74
2020-11-26_150521_09.mid.txt,61,54,67,62,67,61,57,69,62,55,72,64,64
2020-11-20_175920_03.mid.txt,78,70,51,56,65,63,64,58,76,57
2020-11-20_180534_01.mid.txt,76,64,65,60,65,60,65,60,74,64,65,62,62,69,62
2020-11-20_180807_09.mid.txt,69,71,66,69,66,69,62,71,64,67,62,62,62,71,64,64
2020-11-26_162250_02.mid.txt,66,62,52,64,67,62,71,64
2020-11-26_165533_10.mid.txt,73,61,71,64,74,67,67,62,67,60,72,64,74,64,64,67
2020-11-26_155901_08.mid.txt,66,74,71,52,59,81,51,81,59
2020-11-26_161612_01.mid.txt,64,61,62,69,57,67,61,72,62,69,62,64,57,62,74,62
2020-11-26_152311_02.mid.txt,79,75,62,71,66,59,57
2020-11-20_180816_10.mid.txt,71,74,68,69,74,62,59
2020-11-26_154501_07.mid.txt,75,63,72,60,72,64,74,64,71,64
2020-11-26_164425_03.mid.txt,61,66,67,74,64,64,65,60,59,57
2020-11-26_163951_03.mid.txt,81,77,65,60,72,67,69,62,62,74,67,60,55,60,67,61
2020-11-26_154808_07.mid.txt,78,66,74,64,64,66,59,57,69,62,55
2020-11-26_153247_01.mid.txt,79,75,63,65,60,62,69,62,65,60,67,60,67,62
2020-11-26_162731_01.mid.txt,76,69,62,72,60,69,62,74,64,59,67,62,71,64,74
2020-11-26_155432_04.mid.txt,67,63,68,58,63,65,71,60
2020-11-26_161612_05.mid.txt,49,57,71,64,57,67,61,72,62,69,62,64,57,62,74,62
2020-11-26_170815_08.mid.txt,72,60,60,60,67,50,69,62,69,62,67,60,72,55,67
2020-11-20_175920_07.mid.txt,81,74,62,55,57,72,60,76,69,69
2020-11-26_162250_06.mid.txt,54,51,54,52,67,62,71,64
2020-11-20_180534_05.mid.txt,76,64,65,60,65,60,65,60,74,64,65,62,62,69,62
2020-11-20_175429_07.mid.txt,73,69,74,67,74,74,66,73,67,60,72,69,74,71,74
2020-11-26_153609_01.mid.txt,57,62,71,69,74,62,65,60,72,60,65
2020-11-26_161142_02.mid.txt,71,64,76,69,76,58,68,58,72
2020-11-20_175616_06.mid.txt,75,56,71,66,59,74,67,77,67,76,66,71,69,57,58,57
2020-11-26_151736_01.mid.txt,78,74,64,64,72,64,74,64,71,64
2020-11-26_162822_10.mid.txt,63,68,77,70,63,56,60,81,59
2020-11-26_153247_05.mid.txt,67,72,62,65,60,62,69,62,65,60,67,60,67,62
2020-11-26_162731_05.mid.txt,76,69,62,72,60,69,62,74,64,59,67,62,71,64,74
2020-11-26_150710_09.mid.txt,81,69,71,64,74,64,67,62,76,62,76,69,64,62,69
2020-11-26_164425_07.mid.txt,76,72,69,69,72,60,65,60,59,57
2020-11-26_152410_08.mid.txt,78,66,71,64,65,59,55,64,57,55,81,77,62,71,67,72
2020-11-26_155639_08.mid.txt,81,69,71,64,74,64,67,62,76,62,76,69,64,62,69
2020-11-26_154808_03.mid.txt,78,66,74,64,64,66,59,57,69,62,55
2020-11-26_163951_07.mid.txt,66,59,64,64,57,71,69,62,62,74,67,60,55,60,67,61
2020-11-26_154501_03.mid.txt,63,69,64,64,72,64,74,64,71,64
2020-11-26_152311_06.mid.txt,67,72,67,71,66,59,57
2020-11-20_180904_06.mid.txt,67,60,59,64,64,64,72,67,60,59
2020-11-26_153405_10.mid.txt,76,64,67,62,62,69,67,72,62,64,60,72,57,64
2020-11-26_152814_06.mid.txt,75,66,77,70,63,56,60,81,59
2020-11-20_180026_06.mid.txt,78,74,74,62,76,55,60,62,74,64,64,62,40,61,59,72
2020-11-26_162851_10.mid.txt,68,65,58,63,56,62,62,62,65,67,76,62,74,57
2020-11-26_164357_09.mid.txt,73,64,57,69,62,72,64,72,60,62,55,64,57,62,55,68
2020-11-26_163254_07.mid.txt,73,64,72,62,74,65,60,70,57,62,55,64,66,59,69,62
2020-11-26_154954_04.mid.txt,81,69,74,64,67,64,72,67,71,64,69,62,72
2020-11-26_162452_03.mid.txt,54,64,57,55,64
2020-11-26_170620_02.mid.txt,73,69,62,74,62,71,60
2020-11-20_180109_01.mid.txt,67,67,67,60,59,71,64,69,69,55
2020-11-26_164346_10.mid.txt,68,61,61,72,67,74,67,74,71,65,62,62,59,64,69
2020-11-26_153315_07.mid.txt,63,68,74,64,71,64,71,64,76,69,76,69,62,64,57
2020-11-26_160945_01.mid.txt,78,74,64,64,72,64,74,64,71,64
2020-11-26_154656_08.mid.txt,63,72,64,74,64,57,72,64,64,69,62,71,64,57,62
2020-11-26_152228_05.mid.txt,83,76,71,57,72,57,77,60
2020-11-26_155145_03.mid.txt,69,71,66,69,66,69,62,71,64,67,62,62,62,71,64,64
2020-11-20_175938_06.mid.txt,71,69,72,67,67,76,69,69,74,67,67,79,67
2020-11-26_160737_06.mid.txt,68,65,63,68,64,76,59,71,64,71,60,71,64,69,64,76
2020-11-26_165125_01.mid.txt,78,70,51,56,65,63,64,58,76,57
2020-11-26_163231_03.mid.txt,75,66,59,72,67,69,62,72,64,76,69,69,62,64,57
2020-11-26_163735_04.mid.txt,69,71,66,69,66,69,62,71,64,67,62,62,62,71,64,64
2020-11-20_180933_04.mid.txt,76,67,60,55,64,57,69,60,56,60,60,62,67,62
2020-11-26_153538_01.mid.txt,56,61,61,72,67,74,67,74,71,65,62,62,59,64,69
2020-11-26_170507_06.mid.txt,61,66,67,74,64,64,65,60,59,57
2020-11-20_175901_01.mid.txt,66,72,67,69,62,62,55,64,57,55,81,77,62,71,67,72
2020-11-26_160853_01.mid.txt,81,78,66,59,62,74,57,74,62
2020-11-26_162335_06.mid.txt,75,71,74,62,76,55,60,62,74,64,64,62,40,61,59,72
2020-11-26_161312_10.mid.txt,71,74,68,69,74,62,59
2020-11-26_150833_03.mid.txt,68,61,65,62,72,69,71,57,72,57,71,64,55
2020-11-20_180034_10.mid.txt,64,67,62,74,57,74,67,76,68
2020-11-26_170257_01.mid.txt,67,67,62,74,57,74,67,76,68
2020-11-26_163921_08.mid.txt,71,64,76,69,76,58,68,58,72
2020-11-26_155850_01.mid.txt,71,59,67,62,67,60,67,60,67,60,67,60,67,60,67,60
2020-11-26_170028_10.mid.txt,63,71,60,55,67,62
2020-11-26_163003_08.mid.txt,57,69,64,64,58,57,72,69,72,68,69,59,57,72,62,57
2020-11-26_160554_04.mid.txt,64,67,62,72,67,71,64,65,60,67,64,72,67,72,60,67
2020-11-26_165018_10.mid.txt,81,77,65,69,62,62,55,64,57,55,81,77,62,71,67,72
2020-11-26_154906_02.mid.txt,64,67,62,76,57,69,62,62,55,57,76,57
2020-11-26_151049_05.mid.txt,81,77,65,60,72,67,69,62,62,74,67,60,55,60,67,61
2020-11-26_154749_10.mid.txt,81,78,71,72,71,55,72,67,71
2020-11-20_175531_02.mid.txt,69,62,64,72,60,60,55,60,55,74,57,71
2020-11-26_164533_07.mid.txt,64,60,58,63,63,64,60,69,62,55,72,64,64
2020-11-26_150606_09.mid.txt,54,62,55,60,55,57,55,76,59,57,55,64,60,62,61
2020-11-26_151220_10.mid.txt,86,74,68,69,74,62,59
2020-11-26_160358_04.mid.txt,54,51,54,52,67,62,71,64
2020-11-26_163525_06.mid.txt,78,71,66,69,66,77,52,62,67,64,71,64,67,60
2020-11-26_160408_03.mid.txt,78,74,74,62,76,55,60,62,74,64,64,62,40,61,59,72
2020-11-20_180613_01.mid.txt,78,66,59,72,67,69,62,72,64,76,69,69,62,64,57
2020-11-26_155819_09.mid.txt,66,71,60,55,67,62
2020-11-26_161535_01.mid.txt,72,60,60,60,67,50,69,62,69,62,67,60,72,55,67
2020-11-26_152036_02.mid.txt,68,65,63,68,64,76,59,71,64,71,60,71,64,69,64,76
2020-11-26_154626_07.mid.txt,68,65,63,68,64,76,59,71,64,71,60,71,64,69,64,76
2020-11-26_152209_03.mid.txt,66,71,66,69,67,71,60,59,64,69,67
2020-11-26_170903_08.mid.txt,76,64,69,57,62,69,62,62,67,62,76,69,62,71,60,55
2020-11-26_151620_01.mid.txt,73,78,66,63,56,61,61,60
2020-11-26_162416_01.mid.txt,69,72,67,69,62,62,55,64,57,55,81,77,62,71,67,72
2020-11-26_160747_09.mid.txt,78,75,63,74,64,57,72,64,64,69,62,71,64,57,62
2020-11-26_161832_04.mid.txt,81,69,71,64,74,64,67,62,76,62,76,69,64,62,69
2020-11-26_160307_08.mid.txt,54,64,57,55,64
2020-11-26_163650_04.mid.txt,73,78,66,63,56,61,61,60
2020-11-26_153154_08.mid.txt,86,74,68,69,74,62,59
2020-11-26_161535_05.mid.txt,57,62,76,58,63,68,69,62,69,62,67,60,72,55,67
2020-11-26_160408_07.mid.txt,66,79,66,67,67,67,63,71,66,72,60,57,55,81,59,72
2020-11-26_152343_04.mid.txt,54,51,54,52,67,62,71,64
2020-11-20_180613_05.mid.txt,66,74,67,72,67,69,62,72,64,76,69,69,62,64,57
2020-11-26_151254_09.mid.txt,67,60,59,64,64,64,72,67,60,59
2020-11-26_163525_02.mid.txt,78,71,66,69,66,77,52,62,67,64,71,64,67,60
2020-11-20_175531_06.mid.txt,78,69,60,72,60,60,55,60,55,74,57,71
2020-11-26_164533_03.mid.txt,61,54,67,62,67,61,57,69,62,55,72,64,64
2020-11-26_162416_05.mid.txt,69,72,67,69,62,62,55,64,57,55,81,77,62,71,67,72
2020-11-26_162629_04.mid.txt,71,64,64,71,64,69,62,59,60,69,64,64
2020-11-26_151620_05.mid.txt,76,64,52,54,59,65,55,60
2020-11-26_152209_07.mid.txt,81,78,66,69,67,71,60,59,64,69,67
2020-11-26_154626_03.mid.txt,83,71,62,50,62,76,59,71,64,71,60,71,64,69,64,76
2020-11-26_152036_06.mid.txt,83,71,62,50,62,76,59,71,64,71,60,71,64,69,64,76
2020-11-26_155135_08.mid.txt,71,74,68,69,74,62,59
2020-11-20_180654_08.mid.txt,69,62,76,58,63,68,69,62,69,62,67,60,72,55,67
2020-11-26_170257_05.mid.txt,67,67,62,74,57,74,67,76,68
2020-11-26_162025_04.mid.txt,69,60,72,60,62,71,64,65,63,68,63,72,64,67,62,67
2020-11-26_150833_07.mid.txt,71,64,65,62,72,69,71,57,72,57,71,64,55
2020-11-26_160853_05.mid.txt,66,71,66,59,62,74,57,74,62
2020-11-20_175901_05.mid.txt,69,72,67,69,62,62,55,64,57,55,81,77,62,71,67,72
2020-11-26_162922_10.mid.txt,66,71,64,55,60,71,69,69,69,72,67,55,60,65
2020-11-26_162335_02.mid.txt,66,79,66,67,67,67,63,71,66,72,60,57,55,81,59,72
2020-11-26_153538_05.mid.txt,68,61,61,72,67,74,67,74,71,65,62,62,59,64,69
2020-11-26_170507_02.mid.txt,61,66,67,74,64,64,65,60,59,57
2020-11-26_154906_06.mid.txt,64,67,62,76,57,69,62,62,55,57,76,57
2020-11-26_162933_09.mid.txt,57,62,55,62,57,71,60,71,66,67,60,71,64,72,62,71
2020-11-26_165447_09.mid.txt,81,78,66,69,67,71,60,59,64,69,67
2020-11-26_151049_01.mid.txt,66,59,64,64,57,71,69,62,62,74,67,60,55,60,67,61
2020-11-26_161824_04.mid.txt,71,64,64,57,65,74,67,74,71,65,62,62,59,64,69
2020-11-26_152846_04.mid.txt,71,64,76,69,76,58,68,58,72
2020-11-26_161352_04.mid.txt,67,60,59,64,64,64,72,67,60,59
2020-11-26_155850_05.mid.txt,59,67,60,65,60,67,60,67,60,67,60,67,60,67,60,67
2020-11-26_151433_08.mid.txt,61,68,60,74,62,71,60
2020-11-26_170903_04.mid.txt,76,64,69,57,62,69,62,62,67,62,76,69,62,71,60,55
2020-11-20_180855_07.mid.txt,76,64,74,64,74,62,67,60,67,60,62,57,76
2020-11-26_163650_08.mid.txt,73,78,66,63,56,61,61,60
2020-11-26_160307_04.mid.txt,66,67,57,55,64
2020-11-26_161832_08.mid.txt,78,69,71,64,74,64,67,62,76,62,76,69,64,62,69
2020-11-26_160747_05.mid.txt,66,72,64,74,64,57,72,64,64,69,62,71,64,57,62
2020-11-26_154423_02.mid.txt,61,57,62,72,60,69,62,74,64,59,67,62,71,64,74
2020-11-26_154716_10.mid.txt,85,81,69,74,74,74,66,73,67,60,72,69,74,71,74
2020-11-26_151504_06.mid.txt,72,72,65,63,67,64,72,67,71,64,69,62,72
2020-11-26_160358_08.mid.txt,54,51,54,52,67,62,71,64
2020-11-26_150606_05.mid.txt,66,58,62,55,60,53,57,55,64,57,55,64,60,62,61
2020-11-26_152920_03.mid.txt,74,76,72,74,64,69,62,77,69,71,66,67,74
2020-11-26_154924_07.mid.txt,73,78,71,65,66,69,62,62,67,62,76,69,62,71,60,55
2020-11-26_155819_05.mid.txt,66,71,60,55,67,62
2020-11-26_151254_01.mid.txt,76,67,66,69,67,60,72,67,60,59
2020-11-26_151815_07.mid.txt,66,62,64,72,60,60,55,60,55,74,57,71
2020-11-26_160554_08.mid.txt,61,67,62,72,67,71,64,65,60,67,64,72,67,72,60,67
2020-11-26_163003_04.mid.txt,69,60,72,60,76,57,72,69,72,68,69,59,57,72,62,57
2020-11-20_175513_07.mid.txt,66,71,65,58,56,74,62,71,55,72,62,71,64,69,62,67
2020-11-26_150731_03.mid.txt,64,72,57,69,62,72,64,72,60,62,55,64,57,62,55,68
2020-11-26_153008_07.mid.txt,66,71,60,55,67,62
2020-11-26_163921_04.mid.txt,71,64,76,69,76,58,68,58,72
2020-11-26_151049_09.mid.txt,69,74,64,64,57,71,69,62,62,74,67,60,55,60,67,61
2020-11-26_165447_01.mid.txt,66,71,66,69,67,71,60,59,64,69,67
2020-11-20_180440_10.mid.txt,61,54,67,62,67,61,57,69,62,55,72,64,64
2020-11-26_162933_01.mid.txt,60,62,55,62,57,71,60,71,66,67,60,71,64,72,62,71
2020-11-26_163122_06.mid.txt,76,72,66,72,67,71,64,65,60,67,64,72,67,72,60,67
2020-11-26_165047_10.mid.txt,61,52,71,64,57,67,61,72,62,69,62,64,57,62,74,62
2020-11-20_180933_08.mid.txt,79,67,60,55,64,57,69,60,56,60,60,62,67,62
2020-11-20_180544_06.mid.txt,61,62,57,59,57,69,62,62,67,62,76,69,62,71,60,55
2020-11-20_175749_02.mid.txt,66,74,71,52,59,81,51,81,59
2020-11-26_151139_02.mid.txt,79,67,60,55,64,57,69,60,56,60,60,62,67,62
2020-11-26_154932_03.mid.txt,76,64,67,62,69,62,69,62,65,60,67,60,67,62
2020-11-26_162812_03.mid.txt,59,67,60,65,60,67,60,67,60,67,60,67,60,67,60,67
2020-11-26_151746_02.mid.txt,80,72,69,69,64,64,59,71,64,71,64,65,60,74,67,62
2020-11-26_163149_07.mid.txt,76,69,74,67,74,74,66,73,67,60,72,69,74,71,74
2020-11-26_161824_08.mid.txt,71,64,64,57,65,74,67,74,71,65,62,62,59,64,69
2020-11-26_165447_05.mid.txt,81,78,66,69,67,71,60,59,64,69,67
2020-11-26_162933_05.mid.txt,57,62,55,62,57,71,60,71,66,67,60,71,64,72,62,71
2020-11-26_150731_07.mid.txt,64,72,57,69,62,72,64,72,60,62,55,64,57,62,55,68
2020-11-20_175513_03.mid.txt,66,71,65,58,56,74,62,71,55,72,62,71,64,69,62,67
2020-11-26_151433_04.mid.txt,61,68,60,74,62,71,60
2020-11-26_155850_09.mid.txt,74,52,67,62,67,60,67,60,67,60,67,60,67,60,67,60
2020-11-26_153008_03.mid.txt,75,56,51,58,63,71
2020-11-26_160334_10.mid.txt,66,72,67,69,62,62,55,64,57,55,81,77,62,71,67,72
2020-11-26_151815_03.mid.txt,78,69,60,72,60,60,55,60,55,74,57,71
2020-11-26_161352_08.mid.txt,76,67,66,69,67,60,72,67,60,59
2020-11-26_152846_08.mid.txt,68,72,64,76,69,62,60,59,72
2020-11-26_162812_07.mid.txt,71,59,67,62,67,60,67,60,67,60,67,60,67,60,67,60
2020-11-26_151746_06.mid.txt,71,64,69,69,64,64,59,71,64,71,64,65,60,74,67,62
2020-11-26_162025_08.mid.txt,72,67,72,60,62,71,64,65,63,68,63,72,64,67,62,67
2020-11-26_163149_03.mid.txt,88,84,81,74,74,74,66,73,67,60,72,69,74,71,74
2020-11-26_170257_09.mid.txt,67,67,62,74,57,74,67,76,68
2020-11-26_151139_06.mid.txt,64,64,57,64,60,72,60,57,55,64,60,62,67,62
2020-11-20_180654_04.mid.txt,60,67,67,67,60,48,69,62,69,62,67,60,72,55,67
2020-11-26_154932_07.mid.txt,76,64,67,62,69,62,69,62,65,60,67,60,67,62
2020-11-26_163122_02.mid.txt,73,61,71,64,74,67,67,62,67,60,72,64,74,64,64,67
2020-11-26_153538_09.mid.txt,59,60,59,57,65,74,67,74,71,65,62,62,59,64,69
2020-11-20_175749_06.mid.txt,78,66,77,70,63,56,60,81,59
2020-11-20_180544_02.mid.txt,76,64,69,57,62,69,62,62,67,62,76,69,62,71,60,55
2020-11-20_175901_09.mid.txt,69,72,67,69,62,62,55,64,57,55,81,77,62,71,67,72
2020-11-26_160853_09.mid.txt,78,66,74,62,71,66,59,57,62
2020-11-26_151620_09.mid.txt,73,78,66,63,56,61,61,60
2020-11-26_162629_08.mid.txt,83,79,76,64,67,60,65,66,67,60,72,60
2020-11-26_154423_06.mid.txt,61,57,62,72,60,69,62,74,64,59,67,62,71,64,74
2020-11-26_160747_01.mid.txt,66,72,64,74,64,57,72,64,64,69,62,71,64,57,62
2020-11-26_162416_09.mid.txt,81,77,65,69,62,62,55,64,57,55,81,77,62,71,67,72
2020-11-26_155135_04.mid.txt,71,74,68,69,74,62,59
2020-11-20_180855_03.mid.txt,76,64,74,64,74,62,67,60,67,60,62,57,76
2020-11-26_151254_05.mid.txt,76,67,66,69,67,60,72,67,60,59
2020-11-26_155819_01.mid.txt,63,71,60,55,67,62
2020-11-20_180613_09.mid.txt,66,74,67,72,67,69,62,72,64,76,69,69,62,64,57
2020-11-26_152343_08.mid.txt,63,63,47,56,67,62,71,64
2020-11-26_161535_09.mid.txt,72,60,60,60,67,50,69,62,69,62,67,60,72,55,67
2020-11-26_153154_04.mid.txt,74,74,68,69,74,62,59
2020-11-26_154924_03.mid.txt,76,64,69,57,62,69,62,62,67,62,76,69,62,71,60,55
2020-11-26_151504_02.mid.txt,81,69,74,64,67,64,72,67,71,64,69,62,72
2020-11-26_160538_10.mid.txt,78,66,74,64,64,66,59,57,69,62,55
2020-11-26_152920_07.mid.txt,83,71,79,67,60,69,62,77,69,71,66,67,74
2020-11-26_150606_01.mid.txt,69,65,58,60,55,57,55,76,59,57,55,64,60,62,61
